255 255 255 255 255 255 255 255 255 255 255 255 255 255 255 255
255 255 255 255 255 255 255 255 255 255 255 255 255 255 255 255
255 255 255 255 201 142  18   0   0  19 142 202 255 255 255 255
255 255 255 255   4   0   0   0   0   0   0   4 255 255 255 255
255 255 202   4   0   0   0   0   0   0   0   0   4 201 255 255
255 255 142   0   0   0   0   0  19 103 255   0   0 142 255 255
255 255  19   0   0   0  96 167 236 255 103   0   0  18 255 255
255 255   0   0   0   0 167 156 156 236  19   0   0   0 255 255
255 255   0   0   0  19 236 156 156 167   0   0   0   0 255 255
255 255  18   0   0 103 255 236 167  96   0   0   0  19 255 255
255 255 142   0   0 255 103  19   0   0   0   0   0 142 255 255
255 255 201   4   0   0   0   0   0   0   0   0   4 202 255 255
255 255 255 255   4   0   0   0   0   0   0   4 255 255 255 255
255 255 255 255 202 142  19   0   0  18 142 201 255 255 255 146
255 255 255 255 255 255 255 255 255 255 255 255 255 255 182   0
255 255 255 255 255 255 255 255 255 255 255 255 255 146   0   0
255 255 255 255 255 255 255 255 255 255 255 255 255 255 255 255
255 255 255 255 255 255 255 255 255 255 255 255 255 255 255 255
255 255 255 255 201 142  18   0   0  19 142 202 255 255 255 255
255 255 255 255   4   0   0   0   0   0   0   4 255 255 255 255
255 255 202   4   0   0   0   0   0   0   0   0   4 201 255 255
255 255 142   0   0   0   0   0  19 103 255   0   0 142 255 255
255 255  19   0   0   0  96 167 236 255 103   0   0  18 255 255
255 255   0   0   0   0 167 156 156 236  19   0   0   0 255 255
255 255   0   0   0  19 236 156 156 167   0   0   0   0 255 255
255 255  18   0   0 103 255 236 167  96   0   0   0  19 255 255
255 255 142   0   0 255 103  19   0   0   0   0   0 142 255 255
255 255 201   4   0   0   0   0   0   0   0   0   4 202 255 255
255 255 255 255   4   0   0   0   0   0   0   4 255 255 255 255
255 255 255 255 202 142  19   0   0  18 142 201 255 255 255 146
255 255 255 255 255 255 255 255 255 255 255 255 255 255 182   0
255 255 255 255 255 255 255 255 255 255 255 255 255 146   0   0
255 255 255 255 255 255 255 255 255 255 255 255 255 255 255 255
255 255 255 255 255 255 255 255 255 255 255 255 255 255 255 255
255 255 255 255 201 142  18   0   0  19 142 202 255 255 255 255
255 255 255 255   4   0   0   0   0   0   0   4 255 255 255 255
255 255 202   4   0   0   0   0   0   0   0   0   4 201 255 255
255 255 142   0   0   0   0   0  19 103 255   0   0 142 255 255
255 255  19   0   0   0  96 167 236 255 103   0   0  18 255 255
255 255   0   0   0   0 167 156 156 236  19   0   0   0 255 255
255 255   0   0   0  19 236 156 156 167   0   0   0   0 255 255
255 255  18   0   0 103 255 236 167  96   0   0   0  19 255 255
255 255 142   0   0 255 103  19   0   0   0   0   0 142 255 255
255 255 201   4   0   0   0   0   0   0   0   0   4 202 255 255
255 255 255 255   4   0   0   0   0   0   0   4 255 255 255 255
255 255 255 255 202 142  19   0   0  18 142 201 255 255 255 146
255 255 255 255 255 255 255 255 255 255 255 255 255 255 182   0
255 255 255 255 255 255 255 255 255 255 255 255 255 146   0   0

255 255 255 255 255 255 255 255 255 255 255 255 255 173  17   0
255 255 255 255 255 255 255 255 255 255 255 255 255 254 195  17
255 255 255 255 221 127  46   6   6  46 127 221 255 255 254 173
255 255 255 232  26   0   0   0   0   0   0  26 232 255 255 255
255 255 221  26   0   5   0   0   0   0   0   0  26 221 255 255
255 255 127   0   5 225 106  17   3   0   0   0   0 127 255 255
255 255  46   0   0 106 255 230 170  47   0   0   0  46 255 255
255 255   6   0   0  17 230 136 136 170   3   0   0   6 255 255
255 255   6   0   0   3 170 136 136 230  17   0   0   6 255 255
255 255  46   0   0   0  47 170 230 255 106   0   0  46 255 255
255 255 127   0   0   0   0   3  17 106 225   5   0 127 255 255
255 255 221  26   0   0   0   0   0   0   5   0  26 221 255 255
255 255 255 232  26   0   0   0   0   0   0  26 232 255 255 255
255 255 255 255 221 127  46   6   6  46 127 221 255 255 255 255
255 255 255 255 255 255 255 255 255 255 255 255 255 255 255 255
255 255 255 255 255 255 255 255 255 255 255 255 255 255 255 255
255 255 255 255 255 255 255 255 255 255 255 255 255 173  17   0
255 255 255 255 255 255 255 255 255 255 255 255 255 254 195  17
255 255 255 255 221 127  46   6   6  46 127 221 255 255 254 173
255 255 255 232  26   0   0   0   0   0   0  26 232 255 255 255
255 255 221  26   0   5   0   0   0   0   0   0  26 221 255 255
255 255 127   0   5 225 106  17   3   0   0   0   0 127 255 255
255 255  46   0   0 106 255 230 170  47   0   0   0  46 255 255
255 255   6   0   0  17 230 136 136 170   3   0   0   6 255 255
255 255   6   0   0   3 170 136 136 230  17   0   0   6 255 255
255 255  46   0   0   0  47 170 230 255 106   0   0  46 255 255
255 255 127   0   0   0   0   3  17 106 225   5   0 127 255 255
255 255 221  26   0   0   0   0   0   0   5   0  26 221 255 255
255 255 255 232  26   0   0   0   0   0   0  26 232 255 255 255
255 255 255 255 221 127  46   6   6  46 127 221 255 255 255 255
255 255 255 255 255 255 255 255 255 255 255 255 255 255 255 255
255 255 255 255 255 255 255 255 255 255 255 255 255 255 255 255
255 255 255 255 255 255 255 255 255 255 255 255 255 173  17   0
255 255 255 255 255 255 255 255 255 255 255 255 255 254 195  17
255 255 255 255 221 127  46   6   6  46 127 221 255 255 254 173
255 255 255 232  26   0   0   0   0   0   0  26 232 255 255 255
255 255 221  26   0   5   0   0   0   0   0   0  26 221 255 255
255 255 127   0   5 225 106  17   3   0   0   0   0 127 255 255
255 255  46   0   0 106 255 230 170  47   0   0   0  46 255 255
255 255   6   0   0  17 230 136 136 170   3   0   0   6 255 255
255 255   6   0   0   3 170 136 136 230  17   0   0   6 255 255
255 255  46   0   0   0  47 170 230 255 106   0   0  46 255 255
255 255 127   0   0   0   0   3  17 106 225   5   0 127 255 255
255 255 221  26   0   0   0   0   0   0   5   0  26 221 255 255
255 255 255 232  26   0   0   0   0   0   0  26 232 255 255 255
255 255 255 255 221 127  46   6   6  46 127 221 255 255 255 255
255 255 255 255 255 255 255 255 255 255 255 255 255 255 255 255
255 255 255 255 255 255 255 255 255 255 255 255 255 255 255 255

  0  17 173 255 255 255 255 255 255 255 255 255 255 255 255 255
 17 195 254 255 255 255 255 255 255 255 255 255 255 255 255 255
173 254 255 255 221 127  46   6   6  46 127 221 255 255 255 255
255 255 255 232  26   0   0   0   0   0   0  26 232 255 255 255
255 255 221  26   0   0   0   0   0   0   5   0  26 221 255 255
255 255 127   0   0   0   0   3  17 106 225   5   0 127 255 255
255 255  46   0   0   0  47 170 230 255 106   0   0  46 255 255
255 255   6   0   0   3 170 136 136 230  17   0   0   6 255 255
255 255   6   0   0  17 230 136 136 170   3   0   0   6 255 255
255 255  46   0   0 106 255 230 170  47   0   0   0  46 255 255
255 255 127   0   5 225 106  17   3   0   0   0   0 127 255 255
255 255 221  26   0   5   0   0   0   0   0   0  26 221 255 255
255 255 255 232  26   0   0   0   0   0   0  26 232 255 255 255
255 255 255 255 221 127  46   6   6  46 127 221 255 255 255 255
255 255 255 255 255 255 255 255 255 255 255 255 255 255 255 255
255 255 255 255 255 255 255 255 255 255 255 255 255 255 255 255
  0  17 173 255 255 255 255 255 255 255 255 255 255 255 255 255
 17 195 254 255 255 255 255 255 255 255 255 255 255 255 255 255
173 254 255 255 221 127  46   6   6  46 127 221 255 255 255 255
255 255 255 232  26   0   0   0   0   0   0  26 232 255 255 255
255 255 221  26   0   0   0   0   0   0   5   0  26 221 255 255
255 255 127   0   0   0   0   3  17 106 225   5   0 127 255 255
255 255  46   0   0   0  47 170 230 255 106   0   0  46 255 255
255 255   6   0   0   3 170 136 136 230  17   0   0   6 255 255
255 255   6   0   0  17 230 136 136 170   3   0   0   6 255 255
255 255  46   0   0 106 255 230 170  47   0   0   0  46 255 255
255 255 127   0   5 225 106  17   3   0   0   0   0 127 255 255
255 255 221  26   0   5   0   0   0   0   0   0  26 221 255 255
255 255 255 232  26   0   0   0   0   0   0  26 232 255 255 255
255 255 255 255 221 127  46   6   6  46 127 221 255 255 255 255
255 255 255 255 255 255 255 255 255 255 255 255 255 255 255 255
255 255 255 255 255 255 255 255 255 255 255 255 255 255 255 255
  0  17 173 255 255 255 255 255 255 255 255 255 255 255 255 255
 17 195 254 255 255 255 255 255 255 255 255 255 255 255 255 255
173 254 255 255 221 127  46   6   6  46 127 221 255 255 255 255
255 255 255 232  26   0   0   0   0   0   0  26 232 255 255 255
255 255 221  26   0   0   0   0   0   0   5   0  26 221 255 255
255 255 127   0   0   0   0   3  17 106 225   5   0 127 255 255
255 255  46   0   0   0  47 170 230 255 106   0   0  46 255 255
255 255   6   0   0   3 170 136 136 230  17   0   0   6 255 255
255 255   6   0   0  17 230 136 136 170   3   0   0   6 255 255
255 255  46   0   0 106 255 230 170  47   0   0   0  46 255 255
255 255 127   0   5 225 106  17   3   0   0   0   0 127 255 255
255 255 221  26   0   5   0   0   0   0   0   0  26 221 255 255
255 255 255 232  26   0   0   0   0   0   0  26 232 255 255 255
255 255 255 255 221 127  46   6   6  46 127 221 255 255 255 255
255 255 255 255 255 255 255 255 255 255 255 255 255 255 255 255
255 255 255 255 255 255 255 255 255 255 255 255 255 255 255 255

255 255 255 255 255 255 255 255 255 255 255 255 255 255 255 255
255 255 255 255 255 255 255 255 255 255 255 255 255 255 255 255
255 255 255 255 221 127  46   6   6  46 127 221 255 255 255 255
255 255 255 232  26   0   0   0   0   0   0  26 232 255 255 255
255 255 221  26   0   5   0   0   0   0   0   0  26 221 255 255
255 255 127   0   5 225 106  17   3   0   0   0   0 127 255 255
255 255  46   0   0 106 255 230 170  47   0   0   0  46 255 255
255 255   6   0   0  17 230 136 136 170   3   0   0   6 255 255
255 255   6   0   0   3 170 136 136 230  17   0   0   6 255 255
255 255  46   0   0   0  47 170 230 255 106   0   0  46 255 255
255 255 127   0   0   0   0   3  17 106 225   5   0 127 255 255
255 255 221  26   0   0   0   0   0   0   5   0  26 221 255 255
255 255 255 232  26   0   0   0   0   0   0  26 232 255 255 255
173 254 255 255 221 127  46   6   6  46 127 221 255 255 255 255
 17 195 254 255 255 255 255 255 255 255 255 255 255 255 255 255
  0  17 173 255 255 255 255 255 255 255 255 255 255 255 255 255
255 255 255 255 255 255 255 255 255 255 255 255 255 255 255 255
255 255 255 255 255 255 255 255 255 255 255 255 255 255 255 255
255 255 255 255 221 127  46   6   6  46 127 221 255 255 255 255
255 255 255 232  26   0   0   0   0   0   0  26 232 255 255 255
255 255 221  26   0   5   0   0   0   0   0   0  26 221 255 255
255 255 127   0   5 225 106  17   3   0   0   0   0 127 255 255
255 255  46   0   0 106 255 230 170  47   0   0   0  46 255 255
255 255   6   0   0  17 230 136 136 170   3   0   0   6 255 255
255 255   6   0   0   3 170 136 136 230  17   0   0   6 255 255
255 255  46   0   0   0  47 170 230 255 106   0   0  46 255 255
255 255 127   0   0   0   0   3  17 106 225   5   0 127 255 255
255 255 221  26   0   0   0   0   0   0   5   0  26 221 255 255
255 255 255 232  26   0   0   0   0   0   0  26 232 255 255 255
173 254 255 255 221 127  46   6   6  46 127 221 255 255 255 255
 17 195 254 255 255 255 255 255 255 255 255 255 255 255 255 255
  0  17 173 255 255 255 255 255 255 255 255 255 255 255 255 255
255 255 255 255 255 255 255 255 255 255 255 255 255 255 255 255
255 255 255 255 255 255 255 255 255 255 255 255 255 255 255 255
255 255 255 255 221 127  46   6   6  46 127 221 255 255 255 255
255 255 255 232  26   0   0   0   0   0   0  26 232 255 255 255
255 255 221  26   0   5   0   0   0   0   0   0  26 221 255 255
255 255 127   0   5 225 106  17   3   0   0   0   0 127 255 255
255 255  46   0   0 106 255 230 170  47   0   0   0  46 255 255
255 255   6   0   0  17 230 136 136 170   3   0   0   6 255 255
255 255   6   0   0   3 170 136 136 230  17   0   0   6 255 255
255 255  46   0   0   0  47 170 230 255 106   0   0  46 255 255
255 255 127   0   0   0   0   3  17 106 225   5   0 127 255 255
255 255 221  26   0   0   0   0   0   0   5   0  26 221 255 255
255 255 255 232  26   0   0   0   0   0   0  26 232 255 255 255
173 254 255 255 221 127  46   6   6  46 127 221 255 255 255 255
 17 195 254 255 255 255 255 255 255 255 255 255 255 255 255 255
  0  17 173 255 255 255 255 255 255 255 255 255 255 255 255 255
