255 255 255 255 255 255 255 255 255 255 255 255 255 255 255 255
255 255 255 255 255 255 255 255 255 255 255 255 255 255 255 255
255 255 255 255 255 251 135 135 135 135 251 255 255 255 255 255
255 255 255 255 114  85   0   0   0   0  85 114 255 255 255 255
255 255 255 114   6   0   0   0   0   0   0   6 114 255 255 255
255 255 251  85   0   0   0   1   6   8 239   0  85 251 255 255
255 255 135   0   0   0  12  75 193 255   8   0   0 135 255 255
255 255 135   0   0   2 120 213 213 178   5   0   0 135 255 255
255 255 135   0   0   7 238 213 213  60   0   0   0 135 255 255
255 255 135   0   0   8 255 182  63  12   0   0   0 135 255 255
255 255 251  85   0 239   8   5   0   0   0   0  85 251 255 255
255 255 255 114   6   0   0   0   0   0   0   6 114 255 255 255
255 255 255 255 114  85   0   0   0   0  85 114 255 255 255 255
255 255 255 255 255 251 135 135 135 135 251 255 255 255 255 255
255 255 255 255 255 249  72  72  72 215 255 255 255 255 255 255
255 255 255 255 255 254 231 231 231 250 255 255 255 255 255 255
255 255 255 255 255 255 255 255 255 255 255 255 255 255 255 255
255 255 255 255 255 255 255 255 255 255 255 255 255 255 255 255
255 255 255 255 255 251 135 135 135 135 251 255 255 255 255 255
255 255 255 255 114  85   0   0   0   0  85 114 255 255 255 255
255 255 255 114   6   0   0   0   0   0   0   6 114 255 255 255
255 255 251  85   0   0   0   1   6   8 239   0  85 251 255 255
255 255 135   0   0   0  12  75 193 255   8   0   0 135 255 255
255 255 135   0   0   2 120 213 213 178   5   0   0 135 255 255
255 255 135   0   0   7 238 213 213  60   0   0   0 135 255 255
255 255 135   0   0   8 255 182  63  12   0   0   0 135 255 255
255 255 251  85   0 239   8   5   0   0   0   0  85 251 255 255
255 255 255 114   6   0   0   0   0   0   0   6 114 255 255 255
255 255 255 255 114  85   0   0   0   0  85 114 255 255 255 255
255 255 255 255 255 251 135 135 135 135 251 255 255 255 255 255
255 255 255 255 255 249  72  72  72 215 255 255 255 255 255 255
255 255 255 255 255 254 231 231 231 250 255 255 255 255 255 255
255 255 255 255 255 255 255 255 255 255 255 255 255 255 255 255
255 255 255 255 255 255 255 255 255 255 255 255 255 255 255 255
255 255 255 255 255 251 135 135 135 135 251 255 255 255 255 255
255 255 255 255 114  85   0   0   0   0  85 114 255 255 255 255
255 255 255 114   6   0   0   0   0   0   0   6 114 255 255 255
255 255 251  85   0   0   0   1   6   8 239   0  85 251 255 255
255 255 135   0   0   0  12  75 193 255   8   0   0 135 255 255
255 255 135   0   0   2 120 213 213 178   5   0   0 135 255 255
255 255 135   0   0   7 238 213 213  60   0   0   0 135 255 255
255 255 135   0   0   8 255 182  63  12   0   0   0 135 255 255
255 255 251  85   0 239   8   5   0   0   0   0  85 251 255 255
255 255 255 114   6   0   0   0   0   0   0   6 114 255 255 255
255 255 255 255 114  85   0   0   0   0  85 114 255 255 255 255
255 255 255 255 255 251 135 135 135 135 251 255 255 255 255 255
255 255 255 255 255 249  72  72  72 215 255 255 255 255 255 255
255 255 255 255 255 254 231 231 231 250 255 255 255 255 255 255

255 255 255 255 255 255 255 255 255 255 255 255 255 255 255 255
255 255 255 255 255 255 253 247 247 253 255 255 255 255 255 255
255 255 255 255 251 206 147 120 120 146 204 251 255 255 255 255
255 255 255 246 143  52  11   0   0  11  50 140 245 255 255 255
255 255 251 144  22   0   0   0   0   0   0  21 140 251 255 255
255 255 210  54   0 118  65  13   2   0   0   0  51 205 255 255
255 253 148  12   0  56 251 203  99  19   0   0  11 145 226 244
255 248 123   0   0  11 201 184 181 101   2   0   0 117 147 205
255 248 123   0   0   2  93 186 183 206  13   0   0 118 157 196
255 253 148  12   0   0  16  96 204 252  65   0  11 144 176 209
255 255 210  55   0   0   0   2  11  58 124   0  51 204 253 254
255 255 252 144  22   0   0   0   0   0   0  21 140 251 255 255
255 255 255 247 143  53  11   0   0  10  52 140 245 255 255 255
255 255 255 255 251 208 145 121 120 145 206 251 255 255 255 255
255 255 255 255 255 255 252 247 247 252 255 255 255 255 255 255
255 255 255 255 255 255 255 255 255 255 255 255 255 255 255 255
255 255 255 255 255 255 255 255 255 255 255 255 255 255 255 255
255 255 255 255 255 255 253 247 247 253 255 255 255 255 255 255
255 255 255 255 251 206 147 120 120 146 204 251 255 255 255 255
255 255 255 246 143  52  11   0   0  11  50 140 245 255 255 255
255 255 251 144  22   0   0   0   0   0   0  21 140 251 255 255
255 255 210  54   0 118  65  13   2   0   0   0  51 205 255 255
255 253 148  12   0  56 251 203  99  19   0   0  11 145 226 244
255 248 123   0   0  11 201 184 181 101   2   0   0 117 147 205
255 248 123   0   0   2  93 186 183 206  13   0   0 118 156 196
255 253 148  12   0   0  16  96 204 252  65   0  11 144 177 209
255 255 210  55   0   0   0   2  11  58 124   0  51 204 253 254
255 255 252 144  22   0   0   0   0   0   0  21 140 251 255 255
255 255 255 247 143  53  11   0   0  10  52 140 245 255 255 255
255 255 255 255 251 208 145 121 120 145 206 251 255 255 255 255
255 255 255 255 255 255 252 247 247 252 255 255 255 255 255 255
255 255 255 255 255 255 255 255 255 255 255 255 255 255 255 255
255 255 255 255 255 255 255 255 255 255 255 255 255 255 255 255
255 255 255 255 255 255 253 247 247 253 255 255 255 255 255 255
255 255 255 255 251 206 147 120 120 146 204 251 255 255 255 255
255 255 255 246 143  52  11   0   0  11  50 140 245 255 255 255
255 255 251 144  22   0   0   0   0   0   0  21 140 251 255 255
255 255 210  54   0 118  65  13   2   0   0   0  51 205 255 255
255 253 148  12   0  56 251 203  99  19   0   0  11 145 226 244
255 248 123   0   0  11 201 184 181 101   2   0   0 117 147 205
255 248 123   0   0   2  93 186 183 206  13   0   0 118 155 196
255 253 148  12   0   0  16  96 204 252  65   0  11 144 177 209
255 255 210  55   0   0   0   2  11  58 124   0  51 204 253 254
255 255 252 144  22   0   0   0   0   0   0  21 140 251 255 255
255 255 255 247 143  53  11   0   0  10  52 140 245 255 255 255
255 255 255 255 251 208 145 121 120 145 206 251 255 255 255 255
255 255 255 255 255 255 252 247 247 252 255 255 255 255 255 255
255 255 255 255 255 255 255 255 255 255 255 255 255 255 255 255

255 255 255 255 255 255 244 205 196 209 254 255 255 255 255 255
255 255 255 255 255 255 226 147 157 176 253 255 255 255 255 255
255 255 255 255 251 205 145 117 118 144 204 251 255 255 255 255
255 255 255 245 140  51  11   0   0  11  51 140 245 255 255 255
255 255 251 140  21   0   0   0   0   0   0  21 140 251 255 255
255 255 204  50   0   0   0   2  13  65 124   0  52 206 255 255
255 253 146  11   0   0  19 101 206 252  58   0  10 145 252 255
255 247 120   0   0   2  99 181 183 204  11   0   0 120 247 255
255 247 120   0   0  13 203 184 186  96   2   0   0 121 247 255
255 253 147  11   0  65 251 201  93  16   0   0  11 145 252 255
255 255 206  52   0 118  56  11   2   0   0   0  53 208 255 255
255 255 251 143  22   0   0   0   0   0   0  22 143 251 255 255
255 255 255 246 144  54  12   0   0  12  55 144 247 255 255 255
255 255 255 255 251 210 148 123 123 148 210 252 255 255 255 255
255 255 255 255 255 255 253 248 248 253 255 255 255 255 255 255
255 255 255 255 255 255 255 255 255 255 255 255 255 255 255 255
255 255 255 255 255 255 244 205 196 209 254 255 255 255 255 255
255 255 255 255 255 255 226 147 156 177 253 255 255 255 255 255
255 255 255 255 251 205 145 117 118 144 204 251 255 255 255 255
255 255 255 245 140  51  11   0   0  11  51 140 245 255 255 255
255 255 251 140  21   0   0   0   0   0   0  21 140 251 255 255
255 255 204  50   0   0   0   2  13  65 124   0  52 206 255 255
255 253 146  11   0   0  19 101 206 252  58   0  10 145 252 255
255 247 120   0   0   2  99 181 183 204  11   0   0 120 247 255
255 247 120   0   0  13 203 184 186  96   2   0   0 121 247 255
255 253 147  11   0  65 251 201  93  16   0   0  11 145 252 255
255 255 206  52   0 118  56  11   2   0   0   0  53 208 255 255
255 255 251 143  22   0   0   0   0   0   0  22 143 251 255 255
255 255 255 246 144  54  12   0   0  12  55 144 247 255 255 255
255 255 255 255 251 210 148 123 123 148 210 252 255 255 255 255
255 255 255 255 255 255 253 248 248 253 255 255 255 255 255 255
255 255 255 255 255 255 255 255 255 255 255 255 255 255 255 255
255 255 255 255 255 255 244 205 196 209 254 255 255 255 255 255
255 255 255 255 255 255 226 147 155 177 253 255 255 255 255 255
255 255 255 255 251 205 145 117 118 144 204 251 255 255 255 255
255 255 255 245 140  51  11   0   0  11  51 140 245 255 255 255
255 255 251 140  21   0   0   0   0   0   0  21 140 251 255 255
255 255 204  50   0   0   0   2  13  65 124   0  52 206 255 255
255 253 146  11   0   0  19 101 206 252  58   0  10 145 252 255
255 247 120   0   0   2  99 181 183 204  11   0   0 120 247 255
255 247 120   0   0  13 203 184 186  96   2   0   0 121 247 255
255 253 147  11   0  65 251 201  93  16   0   0  11 145 252 255
255 255 206  52   0 118  56  11   2   0   0   0  53 208 255 255
255 255 251 143  22   0   0   0   0   0   0  22 143 251 255 255
255 255 255 246 144  54  12   0   0  12  55 144 247 255 255 255
255 255 255 255 251 210 148 123 123 148 210 252 255 255 255 255
255 255 255 255 255 255 253 248 248 253 255 255 255 255 255 255
255 255 255 255 255 255 255 255 255 255 255 255 255 255 255 255

255 255 255 255 255 255 255 255 255 255 255 255 255 255 255 255
255 255 255 255 255 255 252 247 247 252 255 255 255 255 255 255
255 255 255 255 251 206 145 120 121 145 208 251 255 255 255 255
255 255 255 245 140  52  10   0   0  11  53 143 247 255 255 255
255 255 251 140  21   0   0   0   0   0   0  22 144 252 255 255
254 253 204  51   0 124  58  11   2   0   0   0  55 210 255 255
209 176 144  11   0  65 252 204  96  16   0   0  12 148 253 255
196 157 118   0   0  13 206 183 186  93   2   0   0 123 248 255
205 147 117   0   0   2 101 181 184 201  11   0   0 123 248 255
244 226 145  11   0   0  19  99 203 251  56   0  12 148 253 255
255 255 205  51   0   0   0   2  13  65 118   0  54 210 255 255
255 255 251 140  21   0   0   0   0   0   0  22 144 251 255 255
255 255 255 245 140  50  11   0   0  11  52 143 246 255 255 255
255 255 255 255 251 204 146 120 120 147 206 251 255 255 255 255
255 255 255 255 255 255 253 247 247 253 255 255 255 255 255 255
255 255 255 255 255 255 255 255 255 255 255 255 255 255 255 255
255 255 255 255 255 255 255 255 255 255 255 255 255 255 255 255
255 255 255 255 255 255 252 247 247 252 255 255 255 255 255 255
255 255 255 255 251 206 145 120 121 145 208 251 255 255 255 255
255 255 255 245 140  52  10   0   0  11  53 143 247 255 255 255
255 255 251 140  21   0   0   0   0   0   0  22 144 252 255 255
254 253 204  51   0 124  58  11   2   0   0   0  55 210 255 255
209 177 144  11   0  65 252 204  96  16   0   0  12 148 253 255
196 156 118   0   0  13 206 183 186  93   2   0   0 123 248 255
205 147 117   0   0   2 101 181 184 201  11   0   0 123 248 255
244 226 145  11   0   0  19  99 203 251  56   0  12 148 253 255
255 255 205  51   0   0   0   2  13  65 118   0  54 210 255 255
255 255 251 140  21   0   0   0   0   0   0  22 144 251 255 255
255 255 255 245 140  50  11   0   0  11  52 143 246 255 255 255
255 255 255 255 251 204 146 120 120 147 206 251 255 255 255 255
255 255 255 255 255 255 253 247 247 253 255 255 255 255 255 255
255 255 255 255 255 255 255 255 255 255 255 255 255 255 255 255
255 255 255 255 255 255 255 255 255 255 255 255 255 255 255 255
255 255 255 255 255 255 252 247 247 252 255 255 255 255 255 255
255 255 255 255 251 206 145 120 121 145 208 251 255 255 255 255
255 255 255 245 140  52  10   0   0  11  53 143 247 255 255 255
255 255 251 140  21   0   0   0   0   0   0  22 144 252 255 255
254 253 204  51   0 124  58  11   2   0   0   0  55 210 255 255
209 177 144  11   0  65 252 204  96  16   0   0  12 148 253 255
196 155 118   0   0  13 206 183 186  93   2   0   0 123 248 255
205 147 117   0   0   2 101 181 184 201  11   0   0 123 248 255
244 226 145  11   0   0  19  99 203 251  56   0  12 148 253 255
255 255 205  51   0   0   0   2  13  65 118   0  54 210 255 255
255 255 251 140  21   0   0   0   0   0   0  22 144 251 255 255
255 255 255 245 140  50  11   0   0  11  52 143 246 255 255 255
255 255 255 255 251 204 146 120 120 147 206 251 255 255 255 255
255 255 255 255 255 255 253 247 247 253 255 255 255 255 255 255
255 255 255 255 255 255 255 255 255 255 255 255 255 255 255 255
